%YAML:1.0
---
calibration_time: "Mon Sep  4 19:46:51 2017"
nr_of_frames: 13
image_width: 3024
image_height: 4032
board_width: 9
board_height: 6
square_size: 50.
fix_aspect_ratio: 1.
# flags: +fix_aspectRatio +fix_principal_point +zero_tangent_dist +fix_k4 +fix_k5
flags: 6158
fisheye_model: 0
camera_matrix: !!opencv-matrix
   rows: 3
   cols: 3
   dt: d
   data: [ 5.9157967622545348e+03, 0., 1512., 0., 5.9157967622545348e+03,
       2016., 0., 0., 1. ]
distortion_coefficients: !!opencv-matrix
   rows: 5
   cols: 1
   dt: d
   data: [ 4.6590931457346768e-01, -4.3865785227908205e+00, 0., 0.,
       4.6276662169590367e+01 ]
avg_reprojection_error: 1.7360710702956439e+01
per_view_reprojection_errors: !!opencv-matrix
   rows: 13
   cols: 1
   dt: f
   data: [ 2.92534943e+01, 6.55796289e+00, 1.40543451e+01,
       1.31506929e+01, 1.65926723e+01, 2.25048199e+01, 8.22886944e+00,
       1.26017981e+01, 6.95300627e+00, 3.09731770e+01, 2.08052731e+01,
       1.12988043e+01, 8.50757599e+00 ]
# a set of 6-tuples (rotation vector + translation vector) for each view
extrinsic_parameters: !!opencv-matrix
   rows: 13
   cols: 6
   dt: d
   data: [ 7.4841978056295208e-02, -3.7154558491415818e-01,
       -2.3091594554917265e-02, -1.9497794620465004e+02,
       -1.8587742233701630e+02, 1.0934273693720104e+03,
       6.7584640362493884e-02, -4.9682995375439354e-01,
       -3.6810066269403613e-02, -1.6279837116188972e+02,
       -2.2631721545995060e+02, 1.2694808654936182e+03,
       2.4409458202547310e-01, 4.0155687114770200e-01,
       3.7832483151456979e-02, -2.4869939576913734e+02,
       -1.2581813474754586e+02, 1.4685398912051987e+03,
       2.2256350171699205e-01, 4.4211941113236780e-01,
       -1.5346241908583386e-01, -2.8986750451196747e+02,
       -2.0819764227863587e+02, 1.4210622820632009e+03,
       2.3568959591582661e-01, -5.0715999172021331e-01,
       -7.9202430904510790e-02, -1.5694006139248279e+02,
       -1.6123260376943006e+02, 1.1869668424693348e+03,
       4.1578932790655809e-01, -3.0261547751859386e-01,
       -2.5887358402780564e-01, -1.3427728940834177e+02,
       -7.5762227653822933e+01, 1.2793902432326590e+03,
       1.6299314183922614e-01, 6.8624629345633326e-01,
       -3.4891987832826282e-01, -2.9215466147912065e+02,
       -1.2632199152089323e+02, 1.4398146900542656e+03,
       2.1751904025467914e-01, 4.5006295875126212e-01,
       2.2887515389803406e-01, -2.5194525943435130e+02,
       -9.2445613063690061e+01, 1.4500412699606509e+03,
       -6.8090531967604395e-02, -5.1540459705549879e-01,
       2.5035674391788564e-02, -9.9262343888180766e+01,
       -1.8866058204942030e+02, 1.1428237005651595e+03,
       -2.0748761534400032e-02, -2.9472743999428813e-01,
       -2.3448347018859366e-03, -1.8717363226906201e+02,
       -1.5691416573402691e+02, 1.1159434718528423e+03,
       2.7543059717343105e-01, 6.5343312088617031e-02,
       -9.6697944425776488e-03, -2.1870128197969186e+02,
       -7.0913852813421911e+01, 1.4079435814694123e+03,
       1.3599520323188546e-01, 4.9369384664991139e-01,
       1.1877593876201683e-02, -2.2963329436320740e+02,
       -1.3584169719260350e+02, 1.2553979467201927e+03,
       1.2102061748012150e-01, -5.5394664223490264e-01,
       -1.8698368077063932e-02, -1.1140157942181192e+02,
       -1.2464386470748185e+02, 1.0453948792985877e+03 ]
image_points: !!opencv-matrix
   rows: 13
   cols: 54
   dt: "2f"
   data: [ 4.62628510e+02, 1.00374408e+03, 7.08552612e+02,
       1.00161249e+03, 9.53603699e+02, 1.00027039e+03, 1.20012427e+03,
       9.99002747e+02, 1.44247729e+03, 9.98473755e+02, 1.68385303e+03,
       9.97360107e+02, 1.92511072e+03, 9.95344421e+02, 2.16461035e+03,
       9.93548645e+02, 2.40299072e+03, 9.92120789e+02, 4.77138672e+02,
       1.27997913e+03, 7.20637329e+02, 1.27815076e+03, 9.64311157e+02,
       1.27707959e+03, 1.20811963e+03, 1.27669409e+03, 1.44705566e+03,
       1.27558728e+03, 1.68452576e+03, 1.27334924e+03, 1.92282788e+03,
       1.27058728e+03, 2.16027197e+03, 1.26657764e+03, 2.39565991e+03,
       1.26428796e+03, 4.92285553e+02, 1.55073889e+03, 7.34258728e+02,
       1.54865393e+03, 9.74533447e+02, 1.54744238e+03, 1.21543042e+03,
       1.54664038e+03, 1.45121899e+03, 1.54466113e+03, 1.68541699e+03,
       1.54221716e+03, 1.91998206e+03, 1.53842786e+03, 2.15454297e+03,
       1.53393298e+03, 2.38882837e+03, 1.53036987e+03, 5.06485321e+02,
       1.81795471e+03, 7.46654541e+02, 1.81515906e+03, 9.85348389e+02,
       1.81273132e+03, 1.22227905e+03, 1.80999133e+03, 1.45532825e+03,
       1.80767993e+03, 1.68611890e+03, 1.80416614e+03, 1.91728442e+03,
       1.80050964e+03, 2.14905957e+03, 1.79650427e+03, 2.38136572e+03,
       1.79259875e+03, 5.20681763e+02, 2.07681226e+03, 7.58375061e+02,
       2.07309741e+03, 9.94482544e+02, 2.06882300e+03, 1.22894006e+03,
       2.06485669e+03, 1.45852271e+03, 2.06083691e+03, 1.68642358e+03,
       2.05741699e+03, 1.91563611e+03, 2.05364868e+03, 2.14494312e+03,
       2.05055981e+03, 2.37486133e+03, 2.04651648e+03, 5.34340637e+02,
       2.32959180e+03, 7.68589783e+02, 2.32495532e+03, 1.00209003e+03,
       2.31973218e+03, 1.23379883e+03, 2.31442432e+03, 1.46171448e+03,
       2.30948047e+03, 1.68810278e+03, 2.30534375e+03, 1.91533313e+03,
       2.30181177e+03, 2.14245337e+03, 2.29862085e+03, 2.36941797e+03,
       2.29538867e+03, 7.43011902e+02, 9.49920959e+02, 9.56977478e+02,
       9.55319885e+02, 1.16478577e+03, 9.61344788e+02, 1.36761511e+03,
       9.67011780e+02, 1.56351709e+03, 9.72267151e+02, 1.75390552e+03,
       9.77094482e+02, 1.94064148e+03, 9.81399597e+02, 2.12103369e+03,
       9.86188354e+02, 2.29641699e+03, 9.90676941e+02, 7.53764160e+02,
       1.18879919e+03, 9.66681641e+02, 1.19179053e+03, 1.17251147e+03,
       1.19515039e+03, 1.37367126e+03, 1.19777441e+03, 1.56774768e+03,
       1.19972266e+03, 1.75633044e+03, 1.20140784e+03, 1.94121667e+03,
       1.20220703e+03, 2.12075903e+03, 1.20310254e+03, 2.29553955e+03,
       1.20426672e+03, 7.64979980e+02, 1.42494653e+03, 9.76448975e+02,
       1.42499756e+03, 1.18069421e+03, 1.42478748e+03, 1.37972180e+03,
       1.42466113e+03, 1.57144861e+03, 1.42391711e+03, 1.75837146e+03,
       1.42189612e+03, 1.94137537e+03, 1.41988147e+03, 2.11968872e+03,
       1.41759277e+03, 2.29390527e+03, 1.41574231e+03, 7.76075439e+02,
       1.65893567e+03, 9.86061218e+02, 1.65570068e+03, 1.18860229e+03,
       1.65237317e+03, 1.38604248e+03, 1.64872095e+03, 1.57557532e+03,
       1.64479614e+03, 1.76020825e+03, 1.64010645e+03, 1.94161743e+03,
       1.63532227e+03, 2.11940845e+03, 1.63042590e+03, 2.29257715e+03,
       1.62583154e+03, 7.86359131e+02, 1.88765601e+03, 9.94946106e+02,
       1.88045178e+03, 1.19630225e+03, 1.87334277e+03, 1.39161133e+03,
       1.86635803e+03, 1.57959265e+03, 1.85929456e+03, 1.76260400e+03,
       1.85197632e+03, 1.94283899e+03, 1.84505505e+03, 2.11882690e+03,
       1.83815674e+03, 2.29132520e+03, 1.83118335e+03, 7.96223267e+02,
       2.11218579e+03, 1.00283301e+03, 2.10093066e+03, 1.20261377e+03,
       2.09024292e+03, 1.39648120e+03, 2.07967163e+03, 1.58347400e+03,
       2.06995898e+03, 1.76532996e+03, 2.06041235e+03, 1.94422095e+03,
       2.05120215e+03, 2.11911255e+03, 2.04214368e+03, 2.29085400e+03,
       2.03357446e+03, 4.74270294e+02, 1.48912390e+03, 6.58505554e+02,
       1.50093970e+03, 8.47222656e+02, 1.51331165e+03, 1.04187207e+03,
       1.52666016e+03, 1.23939478e+03, 1.53976746e+03, 1.44016187e+03,
       1.55290063e+03, 1.64698145e+03, 1.56562134e+03, 1.85877954e+03,
       1.57799963e+03, 2.07687695e+03, 1.59018103e+03, 4.96268463e+02,
       1.70309131e+03, 6.76654968e+02, 1.71682214e+03, 8.62135193e+02,
       1.73160522e+03, 1.05250708e+03, 1.74674121e+03, 1.24508191e+03,
       1.76190662e+03, 1.44109705e+03, 1.77725867e+03, 1.64229541e+03,
