<?xml version="1.0"?>
<opencv_storage>
<calibration_time>"Sat Sep 23 14:33:55 2017"</calibration_time>
<nr_of_frames>7</nr_of_frames>
<image_width>640</image_width>
<image_height>480</image_height>
<board_width>9</board_width>
<board_height>6</board_height>
<square_size>50.</square_size>
<fix_aspect_ratio>1.</fix_aspect_ratio>
<!-- flags: +fix_aspectRatio +fix_principal_point +zero_tangent_dist +fix_k4 +fix_k5 -->
<flags>6158</flags>
<fisheye_model>0</fisheye_model>
<camera_matrix type_id="opencv-matrix">
  <rows>3</rows>
  <cols>3</cols>
  <dt>d</dt>
  <data>
    6.9547801017909603e+02 0. 320.
    0. 6.9547801017909603e+02 240.
    0. 0.1.
    </data></camera_matrix>
<distortion_coefficients type_id="opencv-matrix">
  <rows>5</rows>
  <cols>1</cols>
  <dt>d</dt>
  <data>
    1.8131276473646885e-01 -1.0926781150175415e+00 0. 0.
    3.0507167759229330e+00</data></distortion_coefficients>
<avg_reprojection_error>3.5637769064754182e-01</avg_reprojection_error>
<per_view_reprojection_errors type_id="opencv-matrix">
  <rows>7</rows>
  <cols>1</cols>
  <dt>f</dt>
  <data>
    3.58180851e-01 3.99177045e-01 4.89336550e-01 1.84838310e-01
    3.27284306e-01 3.21800202e-01 3.42218876e-01</data></per_view_reprojection_errors>
<!-- a set of 6-tuples (rotation vector + translation vector) for each view -->
<extrinsic_parameters type_id="opencv-matrix">
  <rows>7</rows>
  <cols>6</cols>
  <dt>d</dt>
  <data>
    -3.4514696978831846e-02 -2.9293847819594761e-02
    -2.4407724740996509e-02 -2.2356530336282756e+02
    -1.4754978486591520e+02 8.8299429070373458e+02
    -7.3636741525203539e-02 -2.2121577123640926e-01
    -9.9065532908275370e-05 -3.1723738179280690e+02
    -1.6102382412083105e+02 9.1808293605949018e+02
    2.3106830066989614e-01 -1.1968921834852440e-01
    2.2749418877583992e-02 -2.9236478471487828e+02
    -2.1367206649361748e+02 8.2599895092303279e+02
    7.3987584059963765e-02 -9.3389210304337639e-02
    1.6061913783474277e-01 -3.0632428128912068e+02
    -2.2194419712998285e+02 9.6847856040091528e+02
    2.5545922668522597e-01 -5.5194883795903364e-02
    4.3338247687922722e-02 -3.3190376650090928e+02
    -2.2628206052075578e+02 9.9369103673712414e+02
    -1.8709342950691918e-01 -3.0985421084155823e-01
    2.7942983419544029e-03 -3.5554402683511654e+02
    -4.6492662154655314e+01 1.0297345249206403e+03
    -5.5415059311879129e-02 -1.6851068577212153e-02
    -1.9948981393581701e-03 -2.5046546194191745e+02
    -9.1669967819643190e+01 1.0161554880055311e+03</data></extrinsic_parameters>
<image_points type_id="opencv-matrix">
  <rows>7</rows>
  <cols>54</cols>
  <dt>"2f"</dt>
  <data>
    1.41818954e+02 1.22326523e+02 1.81911697e+02 1.22086304e+02
    2.21986160e+02 1.21638817e+02 2.61718994e+02 1.21087578e+02
    3.01111267e+02 1.20506248e+02 3.40054840e+02 1.19808243e+02
    3.79429535e+02 1.18829842e+02 4.18529114e+02 1.18045776e+02
    4.58004547e+02 1.17007813e+02 1.42864120e+02 1.62088562e+02
    1.82845352e+02 1.61274323e+02 2.22911880e+02 1.61102417e+02
    2.62972321e+02 1.60123398e+02 3.02032593e+02 1.59588593e+02
    3.40999542e+02 1.58856369e+02 3.80485046e+02 1.57974350e+02
    4.19815186e+02 1.56921524e+02 4.59020325e+02 1.56020752e+02
    1.43836182e+02 2.01712997e+02 1.84087494e+02 2.00965408e+02
    2.23949127e+02 2.00094955e+02 2.64008728e+02 1.99503983e+02
    3.03119629e+02 1.98909958e+02 3.42155090e+02 1.97854630e+02
    3.81696930e+02 1.97025818e+02 4.20833832e+02 1.96102997e+02
    4.60633087e+02 1.95744705e+02 1.44790298e+02 2.41580231e+02
    1.84908356e+02 2.40787918e+02 2.25107330e+02 2.39863159e+02
    2.64959167e+02 2.39014618e+02 3.04244354e+02 2.37985199e+02
    3.43386017e+02 2.37056274e+02 3.82879547e+02 2.36268311e+02
    4.22127045e+02 2.35416626e+02 4.61530304e+02 2.34676331e+02
    1.45570679e+02 2.81557709e+02 1.85828445e+02 2.80474609e+02
    2.25980637e+02 2.79458801e+02 2.65852570e+02 2.78545227e+02
    3.05375458e+02 2.77626129e+02 3.44572174e+02 2.76764862e+02
    3.84185425e+02 2.75833344e+02 4.23389679e+02 2.74911804e+02
    4.63110931e+02 2.74029572e+02 1.45769897e+02 3.21957062e+02
    1.86709885e+02 3.20385895e+02 2.26822006e+02 3.19280884e+02
    2.66763458e+02 3.17934967e+02 3.06472534e+02 3.16998322e+02
    3.46055847e+02 3.16177124e+02 3.85437836e+02 3.15077454e+02
    4.25078156e+02 3.14128662e+02 4.64433685e+02 3.13235077e+02
    7.63653259e+01 1.16257851e+02 1.16290955e+02 1.18336288e+02
    1.55432739e+02 1.20143723e+02 1.93672668e+02 1.22198364e+02
    2.30601425e+02 1.24014030e+02 2.66766266e+02 1.25670364e+02
    3.02381470e+02 1.27353561e+02 3.36797577e+02 1.28671600e+02
    3.70580200e+02 1.30349884e+02 7.58759918e+01 1.54225845e+02
    1.16245171e+02 1.55657928e+02 1.55493912e+02 1.57329102e+02
    1.93878250e+02 1.58756317e+02 2.30973114e+02 1.60182571e+02
    2.67089996e+02 1.61423264e+02 3.02567902e+02 1.62569885e+02
    3.37267731e+02 1.63820679e+02 3.70988495e+02 1.64760696e+02
    7.56719971e+01 1.92269165e+02 1.15870705e+02 1.93415115e+02
    1.55506165e+02 1.94458725e+02 1.93895737e+02 1.95465439e+02
    2.31118652e+02 1.96396286e+02 2.67372864e+02 1.97258896e+02
    3.02938690e+02 1.98088974e+02 3.37592102e+02 1.98870316e+02
    3.72286926e+02 2.00159592e+02 7.54422150e+01 2.30880890e+02
    1.15775726e+02 2.31548965e+02 1.55517456e+02 2.31949219e+02
    1.93843399e+02 2.32358337e+02 2.31368927e+02 2.33007767e+02
    2.67577271e+02 2.33250076e+02 3.03281433e+02 2.33943588e+02
    3.37979889e+02 2.34172958e+02 3.72037750e+02 2.34555420e+02
    7.48059921e+01 2.69633057e+02 1.15440712e+02 2.69664917e+02
    1.55316071e+02 2.69598907e+02 1.93838074e+02 2.69686249e+02
    2.31479752e+02 2.69569672e+02 2.67835510e+02 2.69694458e+02
    3.03648682e+02 2.69597107e+02 3.38467438e+02 2.69713165e+02
    3.72671875e+02 2.69705139e+02 7.41811218e+01 3.08610168e+02
    1.15131912e+02 3.08012390e+02 1.54905914e+02 3.07434082e+02
    1.93931595e+02 3.07038300e+02 2.31453568e+02 3.06485107e+02
    2.68030151e+02 3.05949310e+02 3.04006195e+02 3.05760040e+02
    3.38952576e+02 3.05286041e+02 3.73228210e+02 3.05049622e+02
    6.99319305e+01 5.67437744e+01 1.14186348e+02 5.88136940e+01
    1.57821457e+02 6.06964798e+01 2.00511459e+02 6.27880020e+01
    2.42555771e+02 6.45379562e+01 2.83553131e+02 6.63011475e+01
    3.24480286e+02 6.81430969e+01 3.64356995e+02 6.95568848e+01
    4.03952209e+02 7.08157578e+01 7.24553986e+01 1.00648117e+02
    1.15792854e+02 1.02049232e+02 1.58776794e+02 1.03980789e+02
    2.00878113e+02 1.05561218e+02 2.42171631e+02 1.06940224e+02
    2.82894348e+02 1.08628296e+02 3.22905823e+02 1.09857307e+02
    3.62179382e+02 1.11061729e+02 4.01136963e+02 1.12223045e+02
    7.46213608e+01 1.43202072e+02 1.17547882e+02 1.44656296e+02
    1.59921707e+02 1.45973999e+02 2.01361130e+02 1.47033600e+02
    2.42076797e+02 1.48265976e+02 2.81857544e+02 1.49412506e+02
    3.21109772e+02 1.50268600e+02 3.59918488e+02 1.51274048e+02
    3.99082489e+02 1.52686295e+02 7.66440353e+01 1.84871094e+02
    1.18914803e+02 1.85845474e+02 1.60835190e+02 1.86703278e+02
    2.01889297e+02 1.87445129e+02 2.41765030e+02 1.88260605e+02
    2.80985992e+02 1.89017776e+02 3.19829803e+02 1.89880066e+02
    3.58054077e+02 1.90313858e+02 3.95607544e+02 1.91110245e+02
    7.87362137e+01 2.25066803e+02 1.20561401e+02 2.25495209e+02
    1.61740814e+02 2.26014877e+02 2.01882690e+02 2.26507355e+02
    2.41454956e+02 2.27007660e+02 2.79958588e+02 2.27340469e+02
    3.18313354e+02 2.27910294e+02 3.55865326e+02 2.28147614e+02
    3.93190430e+02 2.28564453e+02 8.06427765e+01 2.63976807e+02
    1.21814453e+02 2.63963165e+02 1.62426483e+02 2.64027924e+02
    2.02050949e+02 2.64016052e+02 2.41067719e+02 2.64211578e+02
    2.79161987e+02 2.64413330e+02 3.16989868e+02 2.64610931e+02
    3.54124817e+02 2.64863312e+02 3.90856384e+02 2.65000610e+02
