<?xml version="1.0"?>
<opencv_storage>
<calibration_time>"Mon Sep 11 22:35:11 2017"</calibration_time>
<nr_of_frames>9</nr_of_frames>
<image_width>800</image_width>
<image_height>600</image_height>
<board_width>9</board_width>
<board_height>6</board_height>
<square_size>50.</square_size>
<fix_aspect_ratio>1.</fix_aspect_ratio>
<!-- flags: +fix_aspectRatio +fix_principal_point +zero_tangent_dist +fix_k4 +fix_k5 -->
<flags>6158</flags>
<fisheye_model>0</fisheye_model>
<camera_matrix type_id="opencv-matrix">
  <rows>3</rows>
  <cols>3</cols>
  <dt>d</dt>
  <data>
    1.8150418106106838e+03 0. 400. 0. 1.8150418106106838e+03 300. 0. 0.
    1.</data></camera_matrix>
<distortion_coefficients type_id="opencv-matrix">
  <rows>5</rows>
  <cols>1</cols>
  <dt>d</dt>
  <data>
    -1.0641672580850470e+00 7.8711881571972157e+01 0. 0.
    -1.6508547901751426e+03</data></distortion_coefficients>
<avg_reprojection_error>4.2636253020686219e+00</avg_reprojection_error>
<per_view_reprojection_errors type_id="opencv-matrix">
  <rows>9</rows>
  <cols>1</cols>
  <dt>f</dt>
  <data>
    4.59984875e+00 5.17630339e+00 3.37084103e+00 2.04713225e+00
    6.03483105e+00 5.61273813e+00 5.97754419e-01 4.95735168e+00
    2.69180322e+00</data></per_view_reprojection_errors>
<!-- a set of 6-tuples (rotation vector + translation vector) for each view -->
<extrinsic_parameters type_id="opencv-matrix">
  <rows>9</rows>
  <cols>6</cols>
  <dt>d</dt>
  <data>
    6.3762776225275664e-01 6.3314811148052277e-02
    -2.8990826724810415e+00 1.4244677981547829e+02
    1.5095512395356153e+02 1.5805147203828399e+03 5.9627578444984031e-01
    3.2468626916566441e-02 -2.9571759188172071e+00
    1.8053015172289622e+02 1.5327427023837794e+02 1.6902694643457555e+03
    4.6970125760615600e-01 -1.5684243076296089e-01
    3.0743629097055041e+00 2.1857073042261848e+02 1.1282993466780378e+02
    1.8416357546338465e+03 8.9684707961162213e-01 3.3340095487449206e-01
    -2.8948462631677350e+00 2.1728382768185253e+02
    1.5200675128654547e+02 1.5647145830992238e+03 2.9491869494605211e-02
    -5.0683701546191484e-01 3.0349832885627706e+00
    1.8081976275994992e+02 9.4643023692906638e+01 1.5299430629996098e+03
    7.8650326215990629e-01 -7.8038380310008915e-01
    2.8675970105968482e+00 1.9802238818688983e+02 1.3370127443307771e+02
    1.2324957071415624e+03 8.1818942446515863e-01
    -1.3306874588243395e-01 2.7830239683621527e+00
    2.1577077108541795e+02 1.0158824756869572e+02 1.2609684504881573e+03
    -5.6271481270660884e-01 -4.9768802212209674e-02
    -2.9680501327124933e+00 1.1331426808534422e+02
    1.5449373451340892e+02 1.6040206566669988e+03 5.5699603909873729e-01
    3.3916678360058655e-01 -2.7901520788762175e+00
    1.0038295296115687e+02 2.0739874477643099e+02 1.7870709262439859e+03</data></extrinsic_parameters>
<image_points type_id="opencv-matrix">
  <rows>9</rows>
  <cols>54</cols>
  <dt>"2f"</dt>
  <data>
    5.64679443e+02 4.81895782e+02 5.12197083e+02 4.73045624e+02
    4.59465240e+02 4.63961365e+02 4.05749451e+02 4.54720703e+02
    3.52021698e+02 4.44816620e+02 2.98192566e+02 4.36092468e+02
    2.43777237e+02 4.26987854e+02 1.87595230e+02 4.18006409e+02
    1.32623383e+02 4.08861816e+02 5.75325989e+02 4.22157593e+02
    5.22656921e+02 4.12528076e+02 4.70294647e+02 4.03226501e+02
    4.16449921e+02 3.94176147e+02 3.63056091e+02 3.84933533e+02
    3.09330109e+02 3.76012268e+02 2.53984055e+02 3.66862549e+02
    1.98677750e+02 3.57339722e+02 1.42989548e+02 3.48020020e+02
    5.86283630e+02 3.62827271e+02 5.33608948e+02 3.53264862e+02
    4.81120941e+02 3.43949677e+02 4.27627167e+02 3.34334778e+02
    3.74123291e+02 3.25108093e+02 3.19973236e+02 3.15474823e+02
    2.64991302e+02 3.06205994e+02 2.10062073e+02 2.96763702e+02
    1.53824371e+02 2.87154694e+02 5.97370911e+02 3.02957550e+02
    5.44908325e+02 2.93553131e+02 4.91960907e+02 2.83826874e+02
    4.38446686e+02 2.74248108e+02 3.84775726e+02 2.64374664e+02
    3.30664337e+02 2.54807709e+02 2.75532318e+02 2.44754974e+02
    2.20826736e+02 2.35335068e+02 1.64332611e+02 2.25480789e+02
    6.09117432e+02 2.43779907e+02 5.55738831e+02 2.34030075e+02
    5.02505859e+02 2.23952332e+02 4.48956512e+02 2.14007202e+02
    3.95635895e+02 2.04180893e+02 3.41162811e+02 1.94070053e+02
    2.86189575e+02 1.84085419e+02 2.31239227e+02 1.74065414e+02
    1.75012451e+02 1.64181381e+02 6.19988708e+02 1.84315628e+02
    5.66438477e+02 1.74211395e+02 5.13570068e+02 1.64093842e+02
    4.60080383e+02 1.53981964e+02 4.06185852e+02 1.42635406e+02
    3.51763397e+02 1.32496033e+02 2.97152710e+02 1.22277664e+02
    2.41618027e+02 1.12060921e+02 1.85609161e+02 1.01819527e+02
    5.95568054e+02 4.74093048e+02 5.45438965e+02 4.67816956e+02
    4.94705933e+02 4.60900024e+02 4.43265778e+02 4.54244446e+02
    3.93006500e+02 4.46875427e+02 3.42368591e+02 4.40413605e+02
    2.91351898e+02 4.34119141e+02 2.40625381e+02 4.27870209e+02
    1.89391495e+02 4.21765289e+02 6.04185120e+02 4.17254761e+02
    5.51790527e+02 4.09905823e+02 5.01441589e+02 4.03317291e+02
    4.51037506e+02 3.96962463e+02 4.00411682e+02 3.90388031e+02
    3.49607605e+02 3.84043640e+02 2.98252930e+02 3.77758820e+02
    2.47966705e+02 3.71549622e+02 1.96188736e+02 3.64862366e+02
    6.11034058e+02 3.60372162e+02 5.59615662e+02 3.53528503e+02
    5.09420074e+02 3.47322815e+02 4.57853699e+02 3.40395081e+02
    4.06686035e+02 3.33826935e+02 3.56655365e+02 3.27691437e+02
    3.05849396e+02 3.21475708e+02 2.55261063e+02 3.14787476e+02
    2.04510315e+02 3.08532410e+02 6.18538147e+02 3.03311127e+02
    5.66587036e+02 2.97103088e+02 5.15961243e+02 2.89972443e+02
    4.64991241e+02 2.83644623e+02 4.14757446e+02 2.77570892e+02
    3.64220917e+02 2.71113373e+02 3.12661652e+02 2.64370331e+02
    2.61618683e+02 2.58157410e+02 2.11519196e+02 2.52335205e+02
    6.25898621e+02 2.47384384e+02 5.73742737e+02 2.40230179e+02
    5.23177551e+02 2.33717072e+02 4.72409973e+02 2.27478058e+02
    4.21515259e+02 2.20943726e+02 3.70808929e+02 2.14325241e+02
    3.19728455e+02 2.08037735e+02 2.69378204e+02 2.02193329e+02
    2.18823257e+02 1.95433655e+02 6.32526733e+02 1.90571075e+02
    5.81318176e+02 1.83949173e+02 5.30479919e+02 1.77557556e+02
    4.79658478e+02 1.71118607e+02 4.28607819e+02 1.64356445e+02
    3.77926361e+02 1.58021194e+02 3.27022949e+02 1.52144241e+02
    2.76296661e+02 1.44324554e+02 2.25566910e+02 1.38043747e+02
    6.06312134e+02 4.07669556e+02 5.60335083e+02 4.07756287e+02
    5.15689697e+02 4.07902557e+02 4.70718506e+02 4.08424896e+02
    4.26603088e+02 4.08665222e+02 3.82951508e+02 4.09036407e+02
    3.40087677e+02 4.09421295e+02 2.96372559e+02 4.09814758e+02
    2.53171951e+02 4.10269318e+02 6.06865845e+02 3.61602264e+02
    5.60608582e+02 3.62007599e+02 5.15529602e+02 3.62531311e+02
    4.70267822e+02 3.62821564e+02 4.25666107e+02 3.63301270e+02
    3.80668121e+02 3.63867493e+02 3.36444000e+02 3.64351044e+02
    2.92761993e+02 3.64973450e+02 2.49475906e+02 3.65646698e+02
    6.07660217e+02 3.14224304e+02 5.60769531e+02 3.14811493e+02
    5.15161987e+02 3.15270966e+02 4.69414307e+02 3.16308899e+02
    4.23460449e+02 3.17094086e+02 3.79314819e+02 3.17636200e+02
    3.33301544e+02 3.18170135e+02 2.89332764e+02 3.18849548e+02
    2.45410278e+02 3.19574829e+02 6.09200500e+02 2.65185211e+02
    5.60903320e+02 2.66287048e+02 5.14640625e+02 2.67053070e+02
    4.67873383e+02 2.67945801e+02 4.21643433e+02 2.68538635e+02
    3.75961243e+02 2.69317047e+02 3.30503387e+02 2.70385529e+02
    2.85604889e+02 2.71655365e+02 2.41176010e+02 2.72544983e+02
    6.10436279e+02 2.14973267e+02 5.61154541e+02 2.16396332e+02
    5.14499695e+02 2.17386398e+02 4.66560120e+02 2.17998383e+02
    4.20484558e+02 2.19054733e+02 3.74468689e+02 2.20045029e+02
    3.27439362e+02 2.21693649e+02 2.81497314e+02 2.22719833e+02
    2.36608139e+02 2.23583511e+02 6.11363708e+02 1.63517319e+02
